ALPHABETIOAL LIST 01· 1111180113. 351

Darlay, Briau, 015515115115513515, 335.
11555 51 11150515, 015111511 Simon formerly servant 51, 200.
0535555151, 0051111 Normau 155, 171, 305.

1555155, 01111115 1111 ’11151115 nn, 015111 by, 20.
,, william 1111 11113505, ,, 01, 307.
1111515515, 1151515 1115515555 05, 01511151, 125.
11535151. See Ingelby.
1155151), 1151113. See Lo Serope.
11515155, 115351, 01551 by, 103.
Everley, Α155 05, 0551551155111555, and 115551 1155511, 24.
,, william 05, 05 0351550551, 0511515151 by, 22.
,, william 1111 william 05 0305510551, 0511515151 by, 23.
,, william de, 209.
Ε515, John 05, 0511515115 by (51 10155555 51 Kirkby 01111155), 208.
111515, Georgo, 0155151 Ρ51155535 15, 335.

Fam, 1155115 55 01155111 (1111155515), 142.
15155311111151505, 115515151 Scirpenbeck, 300.
1511153155, 11155 011115051105, 11551115115551, 182.
1555510, 1155511, 0551555115551, 201.
,, william, 0155151, 51, 75, 82.
155155, william, Clericus 05, Bond by, 200.
151515, Thomas 0505151111 51 1155055555 51 (15111515, 285.
1511115155, 11555110515531555, 115515151, 312.
11555515, (15 11155, 115351, 138.
1111555, 1111115151τὶ0, 01551 by, 80, 202.
,, 1155511 1111, ,, 81.
111153, 1115115111 fitz Richer (15 (otherwise 05 smniabam), (1155151, 131.
1131555551 between, 550 115551 115351, 135.

0111511115115111151, 01551 by, 07, 09.

,, Walter, „ 05100.
0111515155, Μ511105 (15, 01511151, 140.
05155351, Canon 5115111, Orant by, 208.

1111, 81155111, 79.
1151551055, 11535105, 0511515151 by, 83.
11550515 (or 01550515), Priorem 51, 0511515115 by, 15 11111151, 242.
1155111135, 1115115155 fitz ’1555155 05, 05515511 with Abbot 5111111151, 270.
,, 1155515, 11, 111.
,, brother 51 1115115155 05 1115151555, 01151151 by, 209.

ἲ, Thomas 1111 Thomu 05, 0555555155 by, 270.
Η551155351111, 1155115115 05, 15111105 and 5505115 8151555151 01151151, 180.
’,ἰ 15511115 05, 011111 by, 132.
,, 1111115505, 133, 135.

 

